# scenarios from CFO original paper
target <- 0.33
ncohort <- 10
cohortsize <- 3

p.trues <- list()
p.trues[[1]] <- c(0.33, 0.50, 0.70, 0.80, 0.90)
p.trues[[2]] <- c(0.33, 0.40, 0.60, 0.80, 0.90)
p.trues[[3]] <- c(0.33, 0.60, 0.65, 0.70, 0.75)
p.trues[[4]] <- c(0.33, 0.45, 0.50, 0.60, 0.70)
p.trues[[5]] <- c(0.33, 0.35, 0.45, 0.65, 0.80)

#p.trues[[1]] <- c(0.33, 0.40, 0.45, 0.50, 0.55)
#p.trues[[2]] <- c(0.33, 0.35, 0.45, 0.55, 0.65)
#p.trues[[3]] <- c(0.33, 0.35, 0.38, 0.40, 0.45)
#p.trues[[4]] <- c(0.33, 0.40, 0.50, 0.60, 0.70)
#p.trues[[5]] <- c(0.33, 0.70, 0.80, 0.95, 0.95)